rentalListings <-
structure(list(suburb = c("89", "41", "89", "89", "89", "89", 
"89", "123", "82", "138", "141", "89", "149", "89", "82", "87", 
"126", "125", "338", "89", "125", "89", "87", "89", "89", "89", 
"89", "138", "41", "89", "120", "89", "89", "89", "83", "135", 
"89", "89", "89", "89", "89", "89", "89", "17", "89", "125", 
"89", "135", "89", "89", "126", "315", "138", "315", "89", "89", 
"89", "89", "89", "89", "393", "89", "123", "89", "89", "89", 
"138", "89", "89", "89", "89", "87", "89", "62", "17", "40", 
"132", "149", "62", "136", "149", "91", "84", "91", "91", "337", 
"315", "120", "89", "41", "84", "40", "125", "89", "40", "89", 
"41", "120", "125", "89", "149", "120", "315", "16", "131", "120", 
"41", "42", "3258", "85", "89", "89", "42", "90", "89", "89", 
"315", "17", "322", "87", "337", "120", "132", "393", "84", "129", 
"89", "89", "40", "149", "84", "338", "122", "89", "338", "149", 
"149", "393", "83", "83", "142", "90", "89", "120", "393", "41", 
"17", "129", "85", "322", "129", "90", "90", "123", "393", "89", 
"41", "89", "41", "90", "90", "41", "87", "141", "89", "89", 
"82", "99", "120", "120", "82", "99", "17", "87", "338", "99", 
"16", "128", "89", "89", "90", "89", "136", "41", "125", "41", 
"41", "393", "17", "89", "89", "129", "393", "315", "89", "315", 
"89", "123", "40", "90", "3258", "89", "17", "135", "135", "42", 
"89", "131", "141", "141", "89", "89", "89", "315", "85", "40", 
"89", "89", "315", "41", "132", "90", "89", "90", "83", "121", 
"87", "84", "61", "3258", "40", "89", "89", "83", "41", "125", 
"89", "315", "17", "109", "138", "125", "315", "142", "141", 
"288", "41", "122", "99", "90", "125", "129", "123", "125", "122", 
"141", "141", "83", "40", "316", "129", "149", "90", "89", "61", 
"86", "41", "89", "130", "338", "288", "123", "89", "39", "120", 
"17", "149", "129", "393", "135", "90", "123", "89", "40", "89", 
"40", "120", "120", "138", "89", "129", "41", "84", "83", "125", 
"129", "123", "42", "288", "41", "125", "40", "89", "338", "61", 
"338", "123", "89", "290", "89", "89", "89", "89", "89", "83", 
"89", "89", "89", "131", "131", "89", "41", "322", "89", "99", 
"338", "89", "126", "83", "393", "123", "125", "123", "128", 
"316", "85", "16", "89", "91", "89", "61", "89", "88", "89", 
"89", "82", "149", "88", "40", "89", "84", "89", "3258", "393", 
"89", "122", "89", "131", "89", "17", "90", "130", "41", "130", 
"136", "315", "40", "109", "120", "41", "125", "315", "40", "128", 
"141", "141", "90", "89", "83", "135", "288", "88", "120", "130", 
"91", "141", "393", "3256", "130", "149", "41", "138", "90", 
"120", "129", "149", "89", "135", "88", "141", "393", "41", "149", 
"102", "89", "89", "131", "3496", "91", "87", "89", "149", "123", 
"149", "42", "121", "89", "84", "89", "40", "62", "42", "89", 
"89", "124", "89", "89", "84", "89", "123", "89", "61", "89", 
"87", "338", "89", "89", "89", "99", "89", "338", "89", "41", 
"136", "136", "89", "89", "42", "89", "89", "89", "89", "89", 
"40", "85", "89", "89", "89", "89", "90", "322", "138", "149", 
"89", "141", "89", "130", "109", "393", "322", "89", "84", "109", 
"315", "88", "89", "120", "61", "122", "41", "142", "141", "89", 
"90", "89", "89", "42", "88", "99", "138", "128", "40", "122", 
"125", "120", "84", "42", "120", "42", "129", "316", "120", "89", 
"17", "149", "120", "149", "17", "337", "126", "89", "393", "62", 
"89", "88", "129", "41", "141", "125", "42", "149", "89", "99", 
"89", "90", "88", "90", "123", "288", "41", "125", "315", "87", 
"125", "122", "129", "61", "120", "17", "149", "125", "128", 
"141", "149", "142", "88", "142", "40", "109", "89", "122", "89", 
"83", "42", "90", "315", "89", "393", "42", "89", "89", "338", 
"125", "87", "393", "149", "89", "89", "149", "288", "131", "62", 
"322", "83", "393", "42", "128", "90", "138", "62", "125", "89", 
"288", "141", "89", "124", "87", "149", "90", "338", "89", "129", 
"89", "41", "89", "89", "89", "89", "89", "90", "82", "322", 
"89", "41", "89", "136", "41", "316", "89", "89", "61", "89", 
"89", "123", "88", "41", "84", "89", "393", "89", "89", "87", 
"89", "90", "138", "149", "290", "142", "90", "89", "89", "89", 
"90", "62", "89", "89", "142", "131", "123", "322", "40", "3167", 
"128", "129", "141", "62", "89", "89", "393", "338", "147", "3496", 
"89", "393", "322", "89", "88", "90", "90", "62", "90", "322", 
"89", "89", "89", "99", "125", "89", "89", "120", "89", "40", 
"99", "16", "89", "41", "89", "42", "84", "84", "17", "89", "89", 
"99", "41", "42", "393", "128", "120", "141", "89", "89", "315", 
"290", "393", "89", "89", "129", "89", "90", "125", "41", "120", 
"138", "315", "42", "61", "142", "90", "102", "40", "89", "125", 
"90", "16", "87", "138", "89", "41", "87", "135", "315", "87", 
"142", "89", "89", "122", "89", "89", "61", "40", "136", "322", 
"89", "338", "129", "42", "89", "89", "89", "129", "39", "16", 
"91", "129", "316", "125", "338", "89", "89", "138", "125", "315", 
"89", "89", "89", "128", "3496", "90", "99", "91", "40", "89", 
"125", "88", "89", "87", "149", "141", "99", "125", "90", "315", 
"84", "90", "90", "393", "83", "89", "40", "16", "62", "40", 
"3496", "89", "61", "89", "122", "135", "89", "130", "40", "142", 
"61", "41", "41", "136", "89", "138", "99", "89", "17", "89", 
"393", "132", "90", "40", "39", "99", "87", "393", "41", "89", 
"89", "89", "89", "89", "89", "338", "89", "89", "89", "89", 
"89", "89", "393", "129", "41", "89", "135", "89", "89", "89", 
"149", "123", "123", "90", "16", "130", "83", "125", "40", "123", 
"142", "89", "89", "89", "141", "89", "322", "129", "149", "62", 
"87", "3258", "89", "89", "89", "89", "322", "120", "315", "83", 
"128", "84", "89", "89", "39", "40", "338", "41", "120", "40", 
"89", "89", "141", "39", "89", "40", "99", "125", "128", "40", 
"129", "89", "87", "40", "125", "89", "91", "89", "89", "62", 
"87", "315", "120", "3167", "128", "84", "89", "141", "42", "130", 
"89", "141", "90", "39", "322", "89", "149", "17", "41", "322", 
"90", "132", "90", "89", "89", "149", "338", "89", "89", "87", 
"17", "61", "315", "125", "129", "120", "135", "89", "89", "40", 
"89", "40", "90", "90", "40", "288", "315", "393", "338", "42", 
"42", "121", "89", "120", "90", "89", "89", "89", "89", "123", 
"136", "89", "89", "40", "17", "89", "89", "89", "89", "125", 
"89", "136", "89", "141", "89", "89", "89", "89", "90", "90", 
"288", "89", "3258", "3258", "89", "393", "3258", "89", "89", 
"89", "83", "89", "40", "141", "40", "129", "317", "125", "315", 
"17", "131", "40", "138", "120", "149", "89", "89", "131", "141", 
"132", "17", "82", "128", "16", "120", "290", "141", "141", "149", 
"89", "90", "125", "62", "322", "131", "42", "89", "130", "120", 
"90", "130", "99", "40", "393", "89", "84", "138", "3496", "89", 
"338", "132", "42", "129", "149", "89", "128", "130", "17", "109", 
"90", "130", "89", "90", "132", "3496", "86", "41", "315", "89", 
"315", "90", "89", "83", "83", "123", "84", "89", "89", "42", 
"41", "89", "41", "129", "40", "85", "40", "87", "84", "393", 
"138", "89", "41", "89", "131", "42", "315", "40", "316", "89", 
"61", "123", "316", "130", "141", "338", "41", "393", "89", "89", 
"338", "89", "16", "40", "84", "149", "125", "17", "89", "89", 
"316", "120", "84", "125", "89", "141", "149", "42", "129", "393", 
"40", "120", "3167", "288", "120", "129", "315", "83", "393", 
"16", "16", "17", "149", "315", "90", "122", "131", "3167", "128", 
"315", "83", "315", "120", "89", "120", "89", "89", "89", "62", 
"16", "125", "123", "87", "138", "40", "123", "62", "88", "132", 
"89", "89", "149", "135", "89", "40", "89", "123", "42", "90", 
"141", "288", "16", "87", "125", "62", "89", "393", "125", "16", 
"393", "130", "61", "132", "90", "89", "89", "40", "40", "87", 
"62", "99", "393", "102", "315", "90", "17", "86", "132", "316", 
"337", "3496", "40", "87", "121", "41", "393", "17", "89", "3167", 
"90", "40", "89", "89", "84", "288", "129", "122", "89", "89", 
